restype,fir
fs,8000.0
gain,1.0
wintype,0
filttype,lpf
pbend,50.0
sbstart,150.0
atten,40.0
ntaps,145
taps,0.0001376313011860475,0.0001571818138472736,0.00017914680938702077,0.000204142983420752,0.0002327966649318114,0.0002657401200849563,0.0003036078705918044,0.0003470327064860612,0.0003966419608332217,0.0004530534497462213,0.0005168714560568333,0.0005886830622330308,0.0006690540467388928,0.0007585249259136617,0.0008576075779274106,0.0009667810518294573,0.0010864883661270142,0.001217133249156177,0.0013590763555839658,0.0015126330545172095,0.0016780691221356392,0.0018555998103693128,0.0020453864708542824,0.0022475344594568014,0.002462091390043497,0.0026890458539128304,0.0029283249750733376,0.003179795341566205,0.0034432602114975452,0.003718461375683546,0.00400507589802146,0.004302720073610544,0.0046109482645988464,0.004929251503199339,0.00525706447660923,0.0055937618017196655,0.0059386612847447395,0.006291028577834368,0.0066500757820904255,0.007014967035502195,0.007384822703897953,0.007758717052638531,0.008135688491165638,0.008514737710356712,0.008894839324057102,0.009274936281144619,0.009653950110077858,0.010030788369476795,0.01040433906018734,0.010773487389087677,0.011137112975120544,0.01149409543722868,0.011843322776257992,0.01218369510024786,0.012514125555753708,0.01283354964107275,0.013140929862856865,0.013435260392725468,0.013715566135942936,0.013980916701257229,0.014230421744287014,0.014463243074715137,0.014678589068353176,0.014875727705657482,0.015053988434374332,0.015212753787636757,0.015351480804383755,0.015469690784811974,0.015566971153020859,0.015642987564206123,0.015697475522756577,0.015730243176221848,0.015741178765892982,0.015730243176221848,0.015697475522756577,0.015642987564206123,0.015566971153020859,0.015469690784811974,0.015351480804383755,0.015212753787636757,0.015053988434374332,0.014875727705657482,0.014678589068353176,0.014463243074715137,0.014230421744287014,0.013980916701257229,0.013715566135942936,0.013435260392725468,0.013140929862856865,0.01283354964107275,0.012514125555753708,0.01218369510024786,0.011843322776257992,0.01149409543722868,0.011137112975120544,0.010773487389087677,0.01040433906018734,0.010030788369476795,0.009653950110077858,0.009274936281144619,0.008894839324057102,0.008514737710356712,0.008135688491165638,0.007758717052638531,0.007384822703897953,0.007014967035502195,0.0066500757820904255,0.006291028577834368,0.0059386612847447395,0.0055937618017196655,0.00525706447660923,0.004929251503199339,0.0046109482645988464,0.004302720073610544,0.00400507589802146,0.003718461375683546,0.0034432602114975452,0.003179795341566205,0.0029283249750733376,0.0026890458539128304,0.002462091390043497,0.0022475344594568014,0.0020453864708542824,0.0018555998103693128,0.0016780691221356392,0.0015126330545172095,0.0013590763555839658,0.001217133249156177,0.0010864883661270142,0.0009667810518294573,0.0008576075779274106,0.0007585249259136617,0.0006690540467388928,0.0005886830622330308,0.0005168714560568333,0.0004530534497462213,0.0003966419608332217,0.0003470327064860612,0.0003036078705918044,0.0002657401200849563,0.0002327966649318114,0.000204142983420752,0.00017914680938702077,0.0001571818138472736,0.0001376313011860475
